1000 2 100 10000 0
68 20
72 -74
-76 -70
-57 58
-92 85
12 -95
-95 -71
35 20
46 -15
-96 10
-31 66
-81 -11
35 65
9 -38
-7 -66
48 -34
-35 1
-70 -10
-90 -96
-67 -62
97 -21
-34 -35
1 -89
-91 -69
50 67
-81 2
-39 -79
63 -35
98 86
18 58
-38 -15
86 -99
40 -51
2 15
-21 81
56 50
64 -1
-83 -51
-47 -53
72 -89
-4 37
-24 89
-28 90
-75 51
-64 64
14 -91
-15 -86
-80 -85
22 37
63 -22
42 -27
-13 -79
-19 35
-47 17
-47 71
-87 -9
-57 74
-25 40
-97 47
-64 -20
63 86
71 -56
28 60
-89 -59
-93 15
34 -81
-62 5
-29 82
70 97
51 -34
-46 47
-24 -67
-98 74
-38 -97
36 -49
-93 -57
-28 61
23 8
-84 -80
81 -76
11 41
61 -86
-86 -61
83 49
-92 -25
-90 -48
-90 -2
-90 61
-43 11
61 -71
28 93
86 28
-74 -86
84 -58
-69 55
49 11
32 -17
53 -24
35 83
-62 76
14 84
81 -46
-62 90
-61 26
18 52
-39 42
-51 37
-90 -65
-89 66
-56 64
49 68
68 -29
-11 -48
-11 73
-6 -16
63 -98
-30 -54
-10 -38
-87 68
67 -37
-16 38
30 12
-29 -56
-73 7
49 84
-89 21
60 -13
-54 -55
-15 -44
91 36
32 -53
-77 -42
-90 -50
-46 -51
-46 25
96 -80
-52 10
-52 31
-52 74
-14 -90
18 80
-36 -7
-82 -90
11 -94
84 76
-95 11
-80 19
46 -46
-43 -30
61 -40
-77 46
65 -36
-5 52
57 30
-57 -99
42 93
78 17
-92 -24
63 -11
-14 -22
65 -72
-24 30
88 -82
-67 -16
40 63
-21 31
46 -18
-69 -67
-33 -30
5 10
-41 -69
-5 -57
50 67
-73 94
-14 -54
-48 -72
92 35
83 42
0 66
-68 71
66 70
-77 -36
87 16
-77 -23
72 -31
-17 -42
-13 -54
-38 -45
65 62
18 -47
-49 -78
64 -83
95 13
-34 -83
2 38
-20 2
-54 9
-88 82
50 -36
54 -12
73 -69
2 59
16 79
10 72
68 28
77 4
-13 -3
43 63
12 -4
46 7
-82 -34
71 -58
7 -88
2 -53
60 72
-83 -84
-77 -19
47 -78
-80 -33
-80 48
91 -31
-19 88
-14 -94
4 -22
34 -94
-58 78
-82 64
-36 -50
-36 43
-73 -6
46 18
97 -66
-2 8
3 -98
-96 21
22 67
76 -3
-2 27
-29 -5
76 76
-43 54
25 -77
25 78
48 -80
11 -14
92 -84
82 -88
-51 8
-74 13
54 88
-56 53
-8 86
5 -77
-95 -26
78 -43
5 -92
43 90
-93 -21
64 -33
67 80
3 7
-46 51
34 82
10 29
-40 71
77 64
85 -48
21 17
-38 -4
-38 22
-38 25
-80 -42
20 -33
42 -23
-42 -13
5 -2
43 75
-35 -34
-81 5
-93 38
-11 6
95 -75
36 74
25 -33
-63 -30
94 -94
-10 26
-15 98
67 -1
21 -92
-20 -57
-20 -29
50 3
-46 -88
53 -2
90 -68
90 -5
0 -83
-34 8
-52 -18
34 2
-50 31
-43 91
12 -65
-26 37
-33 17
-34 -56
-6 66
-94 74
-28 30
-37 89
86 71
61 -39
-31 8
-70 -46
-8 -27
-29 5
17 53
-20 -92
2 -59
40 15
48 -92
-84 -7
-62 12
-17 18
-94 -99
19 45
-93 96
78 -26
-70 -95
-12 -7
8 -41
-21 73
84 -33
4 -42
79 -2
39 29
39 91
17 26
34 -75
-30 13
-2 40
-48 23
-15 19
54 -43
86 -39
25 97
-7 67
86 -51
-41 -31
-46 82
19 -93
8 -4
72 5
72 54
-29 15
66 -37
20 -42
-72 88
54 46
-61 -37
15 65
-88 -44
51 -40
-93 -80
-93 -45
59 -70
94 16
-42 -12
65 77
-77 -55
10 -64
68 -26
-96 33
53 50
59 -36
-78 -52
-26 71
47 14
-74 -68
62 -7
-68 21
-86 -6
24 -8
86 81
18 -14
83 17
-29 -44
-32 82
85 76
61 39
-34 -98
29 -37
60 -85
-92 82
-70 -13
-59 78
-54 -62
55 -25
74 40
61 55
54 -23
-18 69
-93 41
24 44
90 -57
94 -45
-30 -15
43 84
58 74
71 41
-64 39
72 32
13 97
-65 60
-89 -14
94 94
49 -43
-45 18
-98 56
51 42
26 -63
2 -31
6 41
7 -89
-67 -21
-67 45
45 0
-44 -9
-18 79
4 8
-67 52
-41 5
58 -27
-54 -46
79 60
23 72
-17 -93
-55 26
-57 -7
-77 -41
-68 2
-12 -80
0 79
43 18
-12 -93
-68 49
-23 -38
83 20
26 25
-88 33
-2 -89
73 61
36 -49
91 -54
-18 -44
50 -28
-8 64
47 -41
73 81
50 -1
13 -72
63 89
78 -40
-85 92
-54 -40
97 53
47 -87
22 -87
58 46
-88 10
33 35
31 32
-29 -90
49 -62
49 47
-32 22
58 -8
44 64
45 87
27 -35
29 -63
-52 58
48 -85
62 82
25 86
46 -22
-13 60
56 -70
66 -17
-64 -39
72 -38
-71 91
35 -86
9 -15
-57 10
66 80
38 -60
-64 32
8 -1
-2 -97
-50 -41
15 -70
-48 8
90 20
-55 31
-89 20
5 -30
23 67
77 -4
-79 74
-22 92
-66 50
-13 -8
-67 19
98 47
-53 62
-93 -7
94 -56
88 -19
-48 -70
-92 14
-46 14
31 45
-39 -98
-89 20
25 -66
-82 -9
-82 86
-55 12
-30 -92
-66 57
-12 42
-12 85
92 -14
84 -45
-73 2
-95 67
-30 -1
-98 52
13 28
81 -92
-4 1
98 -90
-44 80
0 -47
-99 51
-63 49
-8 -91
-51 89
16 37
4 -66
-96 -25
15 61
-88 -27
-68 -64
-91 64
5 88
-39 -5
-65 22
-95 -39
1 97
-49 48
-17 -76
43 23
-36 -75
-36 53
-80 -57
26 75
46 -51
-41 -88
46 18
40 68
47 21
-58 93
-34 -21
22 -33
-13 46
51 -35
-74 -68
18 25
-61 -24
75 37
79 95
89 96
-35 19
-79 -10
-77 14
-85 -85
24 44
-46 42
-70 -31
-92 57
-9 58
91 -69
-87 -22
-89 85
-58 90
-90 -13
-90 -11
-90 54
90 35
-48 -68
-7 40
-97 50
15 25
56 54
-94 77
81 75
-50 -40
-33 62
47 -29
-10 19
80 16
-76 22
53 -95
83 -50
-15 72
79 -23
61 69
12 -17
83 4
62 81
-69 -34
-37 -39
-15 68
-62 -75
29 -25
41 -83
53 82
-7 -63
91 -69
82 21
29 -19
-7 88
-5 -26
-90 -66
76 -34
-63 71
-20 -6
68 -30
68 42
-95 62
11 51
17 -56
-66 -85
40 -52
61 54
-68 41
56 35
6 17
-79 -50
23 44
-39 -9
-66 38
48 52
-59 -11
38 -7
74 49
-95 -65
43 4
36 4
-53 32
-44 -24
21 -18
21 40
98 46
15 -31
31 -99
39 -79
-64 -23
8 76
20 10
22 62
32 -39
78 -52
-11 -7
90 19
2 -69
-4 -39
54 -70
-83 -18
-38 -74
-22 85
-11 -25
-77 -81
62 35
-44 81
-46 -54
-75 63
-53 14
88 67
86 -20
2 -12
39 -15
-94 3
-87 85
-82 -36
-82 15
94 -51
79 -69
93 -15
-40 12
-41 23
31 40
-63 -60
83 60
10 18
-16 66
0 57
-29 38
26 -71
-61 -63
-93 -97
59 -39
59 48
-51 54
-88 64
-83 -74
50 68
37 -32
-6 -6
-61 -14
59 86
-17 -1
97 -78
-77 -74
46 -95
-95 -7
52 -88
-77 -19
-60 -86
-60 70
-60 98
65 71
-53 -78
66 19
-52 -19
-59 31
-12 44
-2 44
82 14
6 -58
88 22
-66 56
85 -11
41 91
12 -41
-38 -97
86 16
53 96
-27 22
34 -1
-65 2
-69 -38
18 -39
96 -13
52 44
-46 -84
-1 -55
39 87
-79 54
-33 82
-29 93
-41 -30
-36 -31
41 49
89 -36
89 21
-94 -5
-1 35
34 30
-84 -58
-48 -73
-62 -44
-62 -18
77 24
0 -40
-67 60
-61 59
-35 -68
-43 -25
6 16
-10 14
-85 6
-42 36
-92 -83
43 -10
35 46
-48 -99
45 -15
66 10
66 90
58 76
-34 -59
82 -92
79 35
2 35
-94 28
58 74
70 -38
61 63
-35 8
49 5
-79 -63
-64 33
72 -49
-40 -27
72 -41
84 61
-17 0
53 3
37 -26
39 -95
89 10
-74 72
28 -59
30 42
-8 -37
-90 83
46 -94
-32 62
-14 72
13 36
-9 -49
55 11
-90 89
-85 78
16 31
36 44
98 -22
66 -44
22 -95
22 -51
-13 66
-82 -13
64 32
81 -53
35 -42
-14 -89
33 -82
-92 -49
-69 -28
63 63
-44 16
38 52
34 -42
65 -68
83 7
-67 38
34 30
42 -70
-78 84
-23 -25
-23 31
-23 64
-17 -42
65 -52
-47 38
32 -80
-65 86
51 -37
-29 -28
-97 48
-16 -60
35 19
-43 77
34 46
-33 52
-91 44
96 60
69 -46
57 -5
74 50
49 -51
-73 -82
92 70
63 20
46 89
-78 -77
50 15
66 -10
26 -56
-68 -86
46 -28
14 7
-84 49
89 2
-14 -39
-5 91
-63 89
-76 -36
40 -62
8 65
-39 44
-80 21
74 25
52 83
-2 -85
-59 -88
90 56
-41 -47
15 58
68 49
32 -11
-46 -75
8 -2
93 68
15 2
95 17
-67 60
-11 96
-53 -33
60 46
60 92
86 -14
-46 -24
96 -63
20 45
46 95
98 6
-68 23
-51 50
20 12
-15 -18
-43 22
16 -62
-91 -73
-40 -41
-36 -74
86 -54
9 -44
-55 -59
-55 -46
-55 60
36 13
-23 -85
-82 36
-28 86
-78 -23
92 47
52 -12
91 92
-29 82
98 -23
-14 33
-27 -32
35 -38
51 7
-79 57
75 -37
-43 -87
15 48
-44 -96
76 32
-23 50
11 1
-39 26
21 -32
93 76
-26 -56
4 -60
-91 -78
-49 -7
66 -95
2 -62
24 -70
24 -11
56 37
36 -82
14 23
9 3
49 -6
85 -32
-19 -94
-43 -70
4 -10
3 28
82 94
-43 -17
-77 76
56 -15
-16 81
-4 35
-83 5
-67 -87
-13 59
59 -26
59 41
34 -83
-79 26
-27 -15
3 39
-27 5
-73 14
-21 -99
-34 24
89 31
10 -53
-91 90
